26
2
3
10100010111011010001011110
01110101100000011101010100
00000000010100011010001111
11110111111011111100000010
00010110010000111101001011
00011101010111101000011010
10100010000100101010111110
10101110000110000010110110
11010111100110101110101001
11001110100111000111010100
00111110101000111101000000
01000001001011110001101110
01000101100110000010001110
11010101101001011000101010
11101001010011000000010001
01101101010000100001110110
01111111001101110111111010
00010101011111110010011010
00110101000001110101101111
10000010001000010110010100
10001011010011010001010001
00000011011001101000000000
01101100111010100010110011
01011010010100011101001101
11011010000010101111101001
00010110011110010011001110

